Test Powered up, starting
Main run no. 1
Sub-run 1
0,10,2
1,10,0
2,13,0
3,15,0
4,14,0
5,15,0
6,18,0
7,16,0
8,16,0
9,18,0
10,17,0
11,17,0
12,18,0
13,18,0
14,17,0
15,19,0
16,18,0
17,18,0
18,19,0
19,18,0
20,17,0
21,19,0
22,18,0
23,18,0
24,19,0
25,18,0
26,17,0
27,20,0
28,18,0
29,17,0
30,19,0
31,18,0
32,18,0
33,19,0
34,19,0
35,17,0
36,19,0
37,19,0
38,17,0
39,20,0
40,18,0
41,18,0
42,19,0
43,19,0
44,18,0
45,19,0
46,19,0
47,18,0
48,20,0
49,19,0
50,18,0
51,20,0
52,19,0
53,19,0
54,20,0
55,19,0
56,18,0
57,20,0
58,19,0
59,19,0
60,21,0
61,19,0
62,19,0
63,20,0
64,19,0
65,20,0
66,20,0
67,19,0
68,19,0
69,19,0
70,19,0
71,20,0
72,19,0
73,19,0
74,19,0
75,19,0
76,17,0
77,20,0
78,19,0
79,18,0
80,20,0
81,19,0
82,18,0
83,20,0
84,19,0
85,18,0
86,20,0
87,18,0
88,19,0
89,20,0
90,18,0
91,19,0
92,20,0
93,20,0
94,18,0
95,19,0
96,18,0
97,20,0
98,19,0
99,17,0
100,20,0
101,19,0
102,18,0
103,19,0
104,19,0
105,19,0
106,20,0
107,18,0
108,19,0
109,19,0
110,18,0
111,20,0
112,19,0
113,18,0
114,20,0
115,19,0
116,17,0
117,20,0
118,19,0
119,19,0
Sub-run 2
0,254,336
1,201,336
2,165,336
3,278,336
4,168,336
5,166,337
6,279,336
7,254,337
8,173,337
9,263,337
10,234,337
11,275,337
12,195,337
13,275,338
14,201,338
15,164,337
16,176,338
17,271,338
18,168,338
19,267,338
20,275,338
21,178,338
22,273,338
23,276,338
24,258,338
25,170,338
26,165,338
27,179,338
28,223,338
29,276,338
30,204,338
31,255,338
32,209,338
33,277,338
34,281,338
35,168,338
36,280,338
37,163,338
38,166,338
39,165,338
40,185,338
41,164,338
42,181,338
43,162,338
44,264,338
45,186,338
46,182,337
47,210,337
48,178,337
49,280,337
50,187,338
51,186,337
52,211,337
53,272,338
54,282,338
55,181,337
56,279,338
57,170,338
58,171,337
59,173,337
60,171,337
61,165,337
62,223,337
63,244,337
64,176,337
65,182,337
66,214,337
67,278,337
68,271,337
69,188,337
70,164,337
71,168,337
72,270,337
73,267,337
74,200,336
75,229,337
76,185,336
77,168,336
78,174,336
79,272,336
80,252,336
81,280,337
82,166,336
83,270,336
84,179,336
85,271,336
86,183,336
87,258,337
88,260,336
89,176,336
90,177,336
91,167,336
92,163,336
93,271,336
94,266,336
95,180,336
96,174,336
97,250,336
98,216,335
99,219,336
100,268,336
101,168,336
102,256,336
103,270,336
104,217,336
105,179,336
106,169,336
107,266,336
108,170,336
109,281,336
110,211,336
111,167,336
112,192,335
113,173,335
114,175,336
115,191,336
116,224,336
117,208,336
118,170,335
119,216,336
Sub-run 3
0,283,336
1,266,336
2,214,336
3,257,336
4,277,337
5,284,336
6,281,336
7,266,336
8,284,336
9,283,336
10,172,336
11,175,336
12,224,336
13,261,336
14,195,336
15,196,337
16,179,337
17,284,336
18,187,337
19,188,336
20,222,336
21,251,336
22,285,336
23,182,336
24,282,337
25,262,337
26,209,337
27,213,337
28,225,337
29,177,336
30,282,337
31,188,336
32,234,337
33,276,338
34,286,337
35,274,338
36,176,338
37,283,338
38,191,338
39,244,338
40,183,338
41,238,338
42,194,338
43,284,338
44,220,338
45,228,338
46,199,338
47,259,338
48,178,338
49,213,338
50,252,338
51,263,338
52,267,338
53,272,338
54,192,338
55,285,338
56,174,338
57,237,338
58,218,338
59,247,338
60,175,338
61,175,338
62,287,338
63,167,338
64,246,338
65,256,338
66,235,338
67,172,338
68,170,338
69,210,338
70,173,338
71,244,338
72,274,338
73,169,339
74,249,338
75,276,338
76,193,339
77,170,338
78,271,338
79,276,339
80,230,338
81,205,339
82,205,339
83,191,339
84,202,338
85,170,339
86,175,338
87,242,338
88,264,339
89,194,339
90,193,339
91,179,339
92,253,339
93,286,339
94,204,338
95,252,338
96,170,339
97,173,339
98,266,338
99,247,338
100,180,338
101,278,338
102,270,336
103,169,336
104,167,336
105,178,336
106,210,336
107,178,336
108,278,336
109,244,336
110,272,337
111,180,337
112,171,337
113,181,337
114,287,338
115,184,337
116,168,338
117,271,337
118,172,337
119,199,338
Test Powered up, starting
Main run no. 1
Sub-run 1
0,9,4
1,16,6
2,20,6
3,21,6
4,23,7
5,24,7
6,24,7
7,26,7
8,26,6
9,27,7
10,28,7
11,27,6
12,28,7
13,30,7
14,28,6
15,29,7
16,30,6
17,28,6
18,30,7
19,29,7
20,28,7
21,31,7
22,29,6
23,29,7
24,31,7
25,30,7
26,30,7
27,31,6
28,30,6
29,30,7
30,31,7
31,30,6
32,30,7
33,32,7
34,30,6
35,30,7
36,32,7
37,30,6
38,31,7
39,32,7
40,31,6
41,31,7
42,33,7
43,31,7
44,31,7
45,34,7
46,31,7
47,31,7
48,33,7
49,31,7
50,31,7
51,32,7
52,31,6
53,30,7
54,32,7
55,31,7
56,30,7
57,32,7
58,33,7
59,31,6
60,32,7
61,32,7
62,32,6
63,32,7
64,33,7
65,32,6
66,30,7
67,32,7
68,32,7
69,32,7
70,32,7
71,31,7
72,30,7
73,32,7
74,32,7
75,30,7
76,32,7
77,32,6
78,31,7
79,32,7
80,33,7
81,32,6
82,32,7
83,32,6
84,31,6
85,32,7
86,32,7
87,31,6
88,32,7
89,32,7
90,32,7
91,32,7
92,33,7
93,31,7
94,32,7
95,33,6
96,31,6
97,32,7
98,33,7
99,31,7
100,32,7
101,32,7
102,32,7
103,32,7
104,32,7
105,30,6
106,32,7
107,33,6
108,32,7
109,32,7
110,32,7
111,31,6
112,31,7
113,32,7
114,32,7
115,30,7
116,33,7
117,32,7
118,30,7
119,33,7
Sub-run 2
0,279,340
1,234,340
2,190,341
3,166,340
4,258,341
5,162,340
6,264,340
7,276,340
8,199,340
9,162,340
10,165,340
11,274,340
12,168,340
13,245,340
14,168,340
15,213,340
16,176,340
17,189,340
18,201,340
19,276,340
20,260,340
21,172,340
22,280,340
23,242,340
24,163,340
25,166,340
26,252,340
27,168,340
28,187,340
29,165,340
30,174,340
31,276,340
32,214,340
33,238,340
34,200,340
35,275,341
36,278,341
37,279,340
38,168,340
39,283,340
40,178,340
41,189,341
42,262,341
43,172,340
44,196,341
45,192,341
46,283,341
47,212,341
48,250,341
49,229,341
50,167,341
51,182,341
52,281,341
53,222,341
54,171,341
55,282,341
56,168,341
57,278,341
58,170,342
59,283,341
60,177,342
61,264,342
62,282,342
63,286,342
64,227,342
65,286,342
66,181,342
67,181,342
68,177,342
69,280,342
70,277,342
71,178,342
72,286,342
73,205,342
74,271,343
75,267,342
76,171,342
77,274,343
78,173,342
79,178,342
80,183,342
81,175,342
82,186,343
83,220,343
84,175,343
85,169,343
86,196,343
87,287,343
88,172,343
89,176,343
90,181,343
91,202,343
92,197,343
93,254,343
94,276,343
95,278,343
96,251,343
97,179,343
98,256,343
99,282,344
100,185,344
101,280,344
102,201,344
103,263,343
104,291,344
105,182,344
106,175,344
107,234,344
108,243,344
109,172,344
110,219,345
111,175,344
112,251,344
113,186,344
114,178,344
115,285,344
116,177,344
117,179,344
118,286,344
119,234,344
Sub-run 3
0,289,345
1,182,345
2,198,345
3,283,345
4,274,345
5,248,344
6,289,345
7,184,345
8,212,345
9,253,345
10,286,345
11,290,345
12,245,345
13,203,345
14,273,345
15,245,345
16,261,345
17,178,345
18,188,345
19,289,346
20,178,345
21,176,345
22,280,345
23,185,345
24,239,345
25,235,346
26,176,345
27,277,346
28,272,346
29,279,345
30,182,345
31,292,346
32,268,346
33,175,346
34,226,345
35,228,345
36,260,346
37,180,346
38,286,346
39,287,346
40,272,346
41,249,346
42,292,346
43,279,345
44,178,346
45,288,346
46,269,346
47,181,346
48,287,346
49,280,346
50,287,346
51,291,346
52,293,346
53,187,346
54,244,346
55,193,346
56,279,346
57,282,346
58,270,346
59,284,346
60,228,346
61,277,346
62,243,346
63,212,346
64,178,346
65,244,346
66,229,346
67,264,346
68,267,346
69,201,346
70,197,346
71,293,346
72,183,346
73,291,346
74,186,346
75,179,347
76,259,347
77,291,346
78,268,346
79,184,346
80,294,346
81,281,346
82,193,346
83,246,346
84,191,346
85,291,350
86,278,348
87,247,348
88,201,348
89,249,348
90,178,348
91,291,348
92,191,348
93,188,348
94,190,348
95,291,348
96,279,348
97,194,348
98,180,349
99,180,349
100,284,349
101,181,348
102,198,349
103,293,349
104,186,349
105,179,349
106,182,349
107,267,349
108,216,349
109,187,349
110,188,348
111,247,349
112,206,349
113,226,349
114,182,349
115,293,349
116,240,349
117,188,349
118,222,349
119,254,349
Test Powered up, starting
Main run no. 1
Sub-run 1
0,8,4
1,15,5
2,18,4
3,19,4
4,21,5
5,23,4
6,22,4
7,24,5
8,25,4
9,25,5
10,24,5
11,26,5
12,26,4
13,25,4
14,27,5
15,27,5
16,26,4
17,27,5
18,28,4
19,27,4
20,28,5
21,29,5
22,28,4
23,27,5
24,29,5
25,28,4
26,28,4
27,28,5
28,28,4
29,27,4
30,29,4
31,28,4
32,27,4
33,29,5
34,28,4
35,27,4
36,29,5
37,28,4
38,27,4
39,29,4
40,28,4
41,28,4
42,29,4
43,29,4
44,28,4
45,29,4
46,29,4
47,27,4
48,29,4
49,29,4
50,28,4
51,30,5
52,29,4
53,27,4
54,30,4
55,28,4
56,28,4
57,30,4
58,28,4
59,28,4
60,29,4
61,29,4
62,28,4
63,29,4
64,28,4
65,29,4
66,29,4
67,29,4
68,29,4
69,30,4
70,29,4
71,29,4
72,31,4
73,29,4
74,29,4
75,30,4
76,29,4
77,29,4
78,30,4
79,28,4
80,29,4
81,30,4
82,28,4
83,30,5
84,29,4
85,28,4
86,29,4
87,30,4
88,28,4
89,30,4
90,30,4
91,27,4
92,29,4
93,29,4
94,29,4
95,30,4
96,30,4
97,28,4
98,30,4
99,29,4
100,28,4
101,30,4
102,30,4
103,29,4
104,30,4
105,29,4
106,28,4
107,30,4
108,30,4
109,27,4
110,30,4
111,29,4
112,27,4
113,30,3
114,29,4
115,29,4
116,29,4
117,30,4
118,28,3
119,29,4
Sub-run 2
0,241,348
1,182,347
2,185,348
3,285,348
4,174,347
5,282,348
6,176,348
7,246,348
8,245,347
9,219,348
10,172,347
11,172,348
12,176,348
13,284,348
14,278,348
15,287,348
16,284,348
17,175,348
18,193,348
19,175,348
20,176,348
21,287,348
22,188,348
23,269,348
24,207,348
25,235,349
26,283,348
27,217,349
28,188,348
29,286,349
30,227,348
31,180,349
32,273,348
33,219,349
34,207,349
35,288,349
36,284,349
37,246,349
38,186,349
39,177,349
40,288,349
41,190,349
42,185,349
43,258,349
44,290,349
45,281,349
46,236,350
47,189,350
48,290,349
49,289,350
50,230,350
51,176,350
52,183,350
53,177,350
54,230,350
55,195,350
56,196,350
57,217,350
58,289,350
59,251,350
60,183,350
61,183,350
62,180,350
63,196,350
64,292,350
65,284,350
66,193,350
67,185,350
68,233,350
69,178,350
70,184,350
71,289,351
72,231,350
73,220,350
74,187,350
75,236,351
76,285,351
77,200,351
78,250,351
79,231,351
80,222,351
81,293,351
82,179,351
83,252,351
84,288,351
85,220,352
86,233,351
87,184,352
88,183,351
89,247,351
90,215,352
91,240,351
92,201,351
93,296,351
94,179,351
95,183,352
96,293,351
97,256,351
98,290,352
99,294,352
100,195,351
101,281,352
102,289,352
103,190,352
104,183,352
105,295,352
106,271,352
107,291,352
108,192,352
109,264,352
110,291,352
111,283,352
112,199,352
113,210,352
114,211,352
115,288,352
116,290,352
117,272,352
118,273,352
119,184,352
Sub-run 3
0,297,353
1,270,352
2,233,352
3,198,353
4,261,352
5,193,353
6,295,353
7,196,352
8,247,353
9,263,353
10,208,353
11,298,353
12,293,353
13,182,353
14,296,353
15,219,353
16,282,353
17,190,353
18,203,353
19,183,353
20,298,353
21,229,353
22,280,353
23,183,353
24,244,353
25,294,353
26,186,353
27,198,353
28,195,353
29,200,353
30,211,353
31,187,353
32,210,353
33,235,353
34,203,353
35,264,353
36,297,353
37,196,353
38,182,353
39,188,353
40,291,353
41,289,353
42,298,353
43,206,353
44,298,353
45,291,353
46,183,353
47,195,353
48,184,353
49,204,353
50,188,353
51,279,353
52,263,353
53,249,353
54,193,353
55,253,353
56,256,353
57,272,353
58,229,353
59,278,353
60,246,353
61,189,353
62,287,353
63,230,353
64,294,353
65,194,353
66,206,353
67,212,353
68,184,354
69,212,353
70,290,353
71,202,353
72,299,354
73,195,353
74,186,353
75,283,353
76,245,353
77,190,353
78,195,354
79,284,353
80,203,353
81,295,353
82,299,353
83,189,353
84,211,353
85,286,353
86,190,353
87,185,353
88,186,353
89,206,353
90,221,353
91,288,354
92,224,354
93,243,354
94,300,354
95,209,354
96,194,354
97,194,354
98,205,354
99,294,354
100,296,354
101,226,354
102,255,354
103,299,354
104,200,354
105,194,354
106,275,354
107,200,354
108,189,354
109,214,354
110,268,354
111,301,354
112,294,354
113,261,354
114,276,354
115,295,354
116,230,354
117,188,354
118,238,355
119,232,354
Test Powered up, starting
Main run no. 1
Sub-run 1
0,14,4
1,29,4
2,37,4
3,35,4
4,39,3
5,43,3
6,43,3
7,42,4
8,48,3
9,45,3
10,48,3
11,50,3
12,51,3
13,50,3
14,52,3
15,52,4
16,50,4
17,55,3
18,53,3
19,52,3
20,55,3
21,53,3
22,53,3
23,56,4
24,54,3
25,49,3
26,57,4
27,56,3
28,52,3
29,57,4
30,55,3
31,54,4
32,56,4
33,55,4
34,55,3
35,58,4
36,57,3
37,56,3
38,59,4
39,55,4
40,57,4
41,58,3
42,55,3
43,58,3
44,57,3
45,52,3
46,57,3
47,58,3
48,56,3
49,58,3
50,56,3
51,57,4
52,58,3
53,57,4
54,58,4
55,57,3
56,57,3
57,56,3
58,58,3
59,55,4
60,58,3
61,58,4
62,54,3
63,57,4
64,60,3
65,56,3
66,58,4
67,60,3
68,56,4
69,57,3
70,59,3
71,56,3
72,59,3
73,58,3
74,52,3
75,58,3
76,56,3
77,57,3
78,59,3
79,58,3
80,56,4
81,58,3
82,58,3
83,52,3
84,60,3
85,58,4
86,56,4
87,59,3
88,57,4
89,56,3
90,58,4
91,58,3
92,56,4
93,60,4
94,58,3
95,57,4
96,59,3
97,57,3
98,58,4
99,62,4
100,54,4
101,58,3
102,58,4
103,56,3
104,60,3
105,59,3
106,56,4
107,60,3
108,58,3
109,58,3
110,60,3
111,57,4
112,58,4
113,59,3
114,57,4
115,59,4
116,52,3
117,57,3
118,57,4
119,60,4
Sub-run 2
0,58,836
1,59,835
2,60,836
3,58,836
4,64,836
5,63,836
6,59,836
7,62,836
8,61,836
9,60,836
10,58,836
11,62,836
12,57,836
13,61,836
14,62,836
15,55,836
16,63,836
17,64,836
18,60,836
19,62,836
20,57,836
21,58,836
22,62,836
23,59,836
24,58,836
25,62,836
26,59,836
27,59,836
28,60,837
29,59,837
30,56,836
31,64,837
32,58,837
33,60,836
34,64,836
35,61,836
36,56,837
37,63,836
38,58,837
39,58,837
40,62,837
41,57,836
42,62,837
43,63,837
44,58,837
45,59,837
46,62,837
47,63,837
48,61,837
49,63,837
50,62,837
51,61,837
52,60,837
53,61,837
54,60,837
55,61,837
56,57,837
57,59,837
58,59,837
59,58,837
60,59,837
61,62,837
62,62,837
63,63,837
64,62,837
65,61,837
66,62,837
67,63,837
68,56,837
69,62,837
70,60,837
71,59,837
72,60,837
73,60,837
74,58,837
75,63,837
76,61,837
77,58,837
78,60,837
79,59,837
80,56,837
81,60,837
82,63,837
83,62,837
84,64,837
85,59,837
86,56,837
87,60,838
88,63,837
89,58,837
90,61,837
91,65,837
92,62,837
93,61,837
94,62,837
95,62,837
96,60,837
97,65,837
98,63,837
99,59,838
100,65,837
101,58,837
102,60,837
103,62,837
104,61,837
105,61,837
106,63,837
107,60,837
108,62,837
109,61,838
110,58,838
111,63,838
112,57,838
113,55,837
114,60,838
115,59,837
116,59,838
117,62,838
118,63,838
119,59,837
Sub-run 3
0,59,838
1,58,838
2,59,838
3,64,842
4,59,838
5,55,838
6,61,838
7,61,837
8,58,838
9,60,838
10,58,838
11,62,838
12,64,838
13,58,838
14,58,838
15,59,838
16,58,838
17,65,838
18,60,838
19,57,838
20,62,838
21,62,838
22,60,837
23,65,838
24,63,838
25,62,838
26,63,838
27,57,838
28,59,838
29,64,838
30,61,838
31,63,838
32,62,838
33,62,838
34,64,838
35,59,838
36,64,838
37,63,838
38,58,838
39,64,838
40,63,838
41,59,838
42,65,838
43,60,838
44,58,838
45,61,838
46,63,838
47,58,838
48,62,838
49,60,838
50,57,838
51,63,838
52,63,838
53,58,838
54,63,838
55,62,838
56,58,838
57,60,838
58,62,838
59,55,838
60,62,838
61,63,838
62,60,838
63,60,838
64,63,838
65,59,839
66,63,838
67,64,838
68,60,838
69,59,838
70,64,839
71,64,838
72,59,838
73,66,838
74,60,838
75,61,839
76,65,839
77,60,838
78,63,838
79,62,838
80,60,838
81,59,838
82,63,839
83,58,839
84,60,838
85,65,838
86,60,839
87,60,839
88,64,839
89,58,838
90,63,839
91,62,839
92,62,838
93,59,839
94,67,839
95,64,839
96,61,838
97,61,839
98,64,839
99,60,839
100,65,839
101,59,839
102,61,839
103,62,839
104,61,839
105,64,839
106,62,839
107,60,839
108,62,839
109,66,839
110,61,838
111,58,839
112,64,839
113,59,839
114,58,839
115,62,839
116,62,839
117,61,839
118,60,839
119,59,838
Test Powered up, starting
Main run no. 1
Sub-run 1
0,15,25
1,30,309
2,36,156
3,36,145
4,35,324
5,44,138
6,45,179
7,49,306
8,48,142
9,47,240
10,51,281
11,51,149
12,50,283
13,56,254
14,51,144
15,55,301
16,54,182
17,54,143
18,56,322
19,55,144
20,56,157
21,58,314
22,56,141
23,55,237
24,59,277
25,56,150
26,58,294
27,63,217
28,56,143
29,59,320
30,58,142
31,54,227
32,60,290
33,58,142
34,57,251
35,60,288
36,58,147
37,58,253
38,60,277
39,58,147
40,59,266
41,60,278
42,59,150
43,59,264
44,62,272
45,59,149
46,58,264
47,60,278
48,59,146
49,56,253
50,60,280
51,59,144
52,60,250
53,61,289
54,60,142
55,56,227
56,61,293
57,60,139
58,61,208
59,62,304
60,61,137
61,56,178
62,61,311
63,60,134
64,56,156
65,61,320
66,59,140
67,59,144
68,61,321
69,61,137
70,60,140
71,58,252
72,62,270
73,59,145
74,58,253
75,61,290
76,62,170
77,60,143
78,62,313
79,63,223
80,59,141
81,61,301
82,64,152
83,61,142
84,60,321
85,62,187
86,59,143
87,60,314
88,61,139
89,58,140
90,63,322
91,62,147
92,57,162
93,61,327
94,60,135
95,60,153
96,62,299
97,61,134
98,58,246
99,62,302
100,60,145
101,58,232
102,62,267
103,60,143
104,60,291
105,63,270
106,60,144
107,61,289
108,63,175
109,61,140
110,61,328
111,64,166
112,60,151
113,63,362
114,62,127
115,58,191
116,62,293
117,62,135
118,61,301
119,63,280
Sub-run 2
0,62,334
1,63,133
2,60,191
3,63,318
4,61,135
5,59,259
6,64,288
7,61,146
8,65,294
9,66,235
10,60,141
11,60,309
12,63,153
13,59,139
14,63,324
15,63,136
16,60,172
17,62,311
18,61,135
19,56,238
20,61,288
21,62,143
22,61,283
23,64,260
24,60,142
25,61,302
26,64,206
27,59,143
28,61,354
29,63,163
30,58,133
31,62,378
32,62,130
33,59,151
34,63,371
35,59,127
36,59,212
37,63,331
38,62,137
39,60,232
40,64,293
41,61,140
42,62,267
43,62,288
44,61,143
45,60,299
46,67,229
47,63,133
48,58,231
49,63,311
50,61,141
51,58,232
52,63,265
53,61,144
54,61,300
55,64,256
56,60,136
57,62,313
58,63,145
59,61,141
60,63,333
61,62,144
62,57,193
63,62,318
64,60,140
65,58,222
66,62,264
67,60,144
68,60,306
69,63,239
70,60,140
71,61,315
72,62,135
73,41,146
74,62,304
75,62,146
76,60,138
77,62,324
78,60,135
79,57,194
80,63,272
81,52,138
82,60,291
83,62,257
84,60,140
85,60,301
86,63,145
87,60,140
88,62,314
89,62,134
90,57,231
91,63,303
92,60,146
93,60,263
94,61,323
95,62,136
96,60,185
97,64,293
98,61,142
99,59,274
100,64,257
101,60,140
102,60,305
103,63,155
104,59,144
105,63,322
106,61,133
107,61,205
108,60,295
109,59,143
110,60,273
111,62,243
112,60,143
113,62,315
114,63,155
115,59,150
116,62,321
117,61,136
118,58,197
119,62,286
Sub-run 3
0,59,273
1,62,269
2,62,148
3,60,263
4,64,267
5,60,148
6,60,266
7,63,272
8,61,148
9,61,256
10,63,270
11,61,144
12,62,253
13,61,283
14,61,140
15,60,206
16,63,294
17,61,136
18,60,142
19,59,268
20,62,241
21,61,144
22,60,276
23,63,282
24,61,148
25,59,231
26,64,272
27,60,140
28,60,249
29,62,301
30,60,142
31,58,178
32,62,288
33,61,134
34,57,231
35,63,306
36,61,140
37,61,181
38,62,283
39,62,135
40,60,244
41,60,300
42,61,143
43,60,201
44,63,277
45,60,138
46,59,260
47,63,289
48,60,148
49,60,239
50,63,256
51,62,149
52,61,287
53,56,262
54,62,142
55,60,279
56,62,184
57,61,144
58,63,304
59,65,204
60,58,147
61,62,304
62,62,140
63,60,136
64,63,314
65,60,267
66,61,150
67,60,272
68,64,251
69,59,144
70,61,286
71,60,205
72,60,140
73,61,304
74,62,160
75,60,142
76,63,319
77,62,137
78,60,153
79,64,301
80,60,143
81,60,141
82,63,317
83,61,136
84,58,198
85,63,285
86,62,141
87,60,262
88,63,263
89,60,146
90,60,283
91,64,208
92,60,142
93,61,307
94,64,157
95,60,141
96,63,327
97,61,134
98,54,156
99,63,297
100,62,138
101,63,230
102,63,279
103,61,148
104,60,268
105,63,239
106,62,144
107,61,299
108,63,183
109,60,140
110,61,315
111,64,249
112,60,149
113,63,294
114,65,227
115,60,141
116,61,305
117,62,136
118,61,143
119,62,298
Test Powered up, starting
Main run no. 1
Sub-run 1
0,17,30
1,28,181
2,32,194
3,40,190
4,40,180
5,42,196
6,45,186
7,45,181
8,46,197
9,52,184
10,48,182
11,52,197
12,52,182
13,52,182
14,53,198
15,55,180
16,52,186
17,56,196
18,54,180
19,53,190
20,57,194
21,55,180
22,52,194
23,57,192
24,56,180
25,57,196
26,63,186
27,55,180
28,57,197
29,60,182
30,58,182
31,59,197
32,60,189
33,59,180
34,58,197
35,61,188
36,58,181
37,59,196
38,59,180
39,58,181
40,60,196
41,59,180
42,58,191
43,62,195
44,61,180
45,58,193
46,60,187
47,59,179
48,60,196
49,62,182
50,59,183
51,61,196
52,60,179
53,60,185
54,63,193
55,60,180
56,61,194
57,62,192
58,59,180
59,60,195
60,60,181
61,59,180
62,61,197
63,63,181
64,59,186
65,62,197
66,59,179
67,56,188
68,61,192
69,59,179
70,58,195
71,62,192
72,60,180
73,61,195
74,64,183
75,59,180
76,61,197
77,62,182
78,54,183
79,60,193
80,65,191
81,61,179
82,62,195
83,63,195
84,63,179
85,61,195
86,66,187
87,60,179
88,62,197
89,61,180
90,59,180
91,62,197
92,61,177
93,56,188
94,62,204
95,62,171
96,58,195
97,62,200
98,60,167
99,62,207
100,55,191
101,61,167
102,62,211
103,64,177
104,59,170
105,63,212
106,62,171
107,58,178
108,62,197
109,62,177
110,59,186
111,60,192
112,61,179
113,60,192
114,64,190
115,62,179
116,62,193
117,66,185
118,61,179
119,61,195
Sub-run 2
0,63,196
1,63,180
2,64,183
3,61,193
4,65,183
5,61,179
6,63,196
7,61,182
8,61,180
9,63,197
10,61,179
11,59,183
12,63,194
13,61,179
14,61,191
15,64,193
16,61,179
17,60,191
18,66,188
19,62,179
20,62,195
21,64,189
22,60,179
23,62,194
24,62,180
25,60,179
26,62,195
27,64,181
28,60,180
29,61,195
30,63,178
31,61,179
32,63,195
33,64,179
34,61,182
35,63,195
36,63,179
37,61,181
38,62,193
39,62,178
40,60,187
41,62,194
42,61,178
43,56,185
44,65,192
45,60,178
46,61,191
47,63,192
48,62,178
49,62,191
50,62,195
51,62,178
52,62,182
53,62,194
54,62,178
55,60,188
56,64,192
57,62,178
58,60,190
59,66,191
60,61,178
61,62,193
62,66,188
63,60,178
64,62,194
65,64,184
66,61,179
67,62,194
68,63,180
69,60,179
70,63,195
71,62,178
72,61,180
73,62,195
74,62,178
75,58,184
76,61,194
77,62,178
78,60,189
79,63,193
80,61,179
81,61,194
82,65,190
83,61,179
84,61,194
85,63,181
86,61,179
87,61,196
88,62,178
89,62,179
90,63,196
91,63,179
92,58,182
93,61,194
94,61,179
95,59,191
96,64,191
97,62,179
98,60,181
99,63,193
100,62,179
101,60,192
102,64,191
103,61,179
104,60,194
105,62,181
106,61,179
107,62,195
108,63,179
109,60,187
110,63,195
111,62,179
112,60,190
113,66,189
114,62,179
115,61,195
116,63,186
117,60,180
118,63,196
119,61,178
Sub-run 3
0,61,178
1,59,187
2,65,189
3,62,179
4,60,194
5,65,184
6,61,181
7,63,195
8,62,178
9,62,184
10,70,190
11,62,178
12,62,194
13,62,188
14,59,178
15,61,194
16,63,178
17,61,180
18,63,194
19,62,178
20,58,191
21,60,194
22,63,181
23,60,180
24,62,195
25,63,178
26,60,185
27,64,193
28,62,178
29,61,191
30,65,190
31,60,178
32,62,194
33,63,181
34,64,179
35,62,195
36,62,179
37,60,185
38,62,194
39,61,177
40,52,191
41,64,191
42,63,177
43,63,192
44,65,184
45,61,179
46,62,195
47,65,179
48,60,180
49,63,195
50,62,178
51,57,186
52,63,192
53,62,178
54,59,191
55,63,190
56,61,177
57,60,194
58,64,184
59,61,178
60,62,195
61,64,178
62,57,181
63,63,194
64,62,178
65,60,190
66,64,190
67,61,178
68,58,181
69,63,192
70,62,178
71,60,192
72,63,191
73,61,178
74,62,194
75,63,178
76,61,180
77,64,194
78,62,178
79,62,191
80,63,191
81,62,178
82,61,193
83,66,180
84,59,178
85,63,195
86,64,179
87,56,187
88,64,193
89,62,178
90,60,191
91,65,183
92,61,178
93,62,195
94,63,178
95,62,178
96,62,195
97,63,178
98,57,184
99,62,191
100,61,178
101,61,194
102,64,185
103,59,180
104,64,195
105,61,177
106,58,187
107,63,189
108,61,177
109,62,195
110,63,181
111,58,180
112,62,195
113,65,186
114,62,178
115,63,195
116,63,178
117,61,183
118,62,192
119,62,178
Test Powered up, starting
Main run no. 1
Sub-run 1
0,160
1,239
2,244
3,248
4,250
5,251
6,256
7,254
8,256
9,260
10,260
11,262
12,269
13,262
14,266
15,266
16,266
17,269
18,268
19,268
20,272
21,270
22,270
23,275
24,272
25,275
26,277
27,271
28,277
29,280
30,279
31,282
32,281
33,281
34,284
35,282
36,282
37,287
38,286
39,286
40,289
41,288
42,290
43,292
44,290
45,293
46,293
47,293
48,294
49,291
50,296
51,298
52,300
53,299
54,301
55,302
56,299
57,305
58,304
59,305
60,307
61,305
62,308
63,309
64,307
65,310
66,309
67,310
68,314
69,313
70,311
71,316
72,316
73,315
74,320
75,316
76,318
77,319
78,317
79,322
80,322
81,321
82,324
83,323
84,325
85,324
86,326
87,328
88,327
89,326
90,330
91,331
92,329
93,332
94,333
95,334
96,334
97,335
98,334
99,339
100,336
101,338
102,340
103,338
104,340
105,343
106,340
107,343
108,344
109,342
110,345
111,345
112,344
113,345
114,347
115,346
116,348
117,350
118,350
119,351
Sub-run 2
0,361
1,364
2,366
3,363
4,365
5,365
6,367
7,369
8,371
9,368
10,369
11,373
12,371
13,371
14,375
15,375
16,373
17,376
18,374
19,375
20,378
21,376
22,377
23,377
24,378
25,380
26,381
27,380
28,380
29,382
30,383
31,383
32,383
33,382
34,383
35,383
36,382
37,385
38,384
39,384
40,387
41,386
42,387
43,389
44,387
45,392
46,391
47,388
48,390
49,394
50,390
51,394
52,393
53,393
54,394
55,395
56,393
57,396
58,395
59,396
60,397
61,396
62,396
63,401
64,398
65,398
66,401
67,401
68,400
69,403
70,402
71,403
72,403
73,401
74,404
75,405
76,404
77,406
78,406
79,406
80,409
81,408
82,409
83,411
84,409
85,410
86,412
87,410
88,410
89,412
90,412
91,413
92,415
93,412
94,416
95,415
96,421
97,419
98,416
99,416
100,418
101,418
102,416
103,420
104,419
105,420
106,418
107,420
108,422
109,422
110,421
111,426
112,425
113,423
114,426
115,425
116,427
117,426
118,426
119,428
Sub-run 3
0,438
1,435
2,438
3,438
4,439
5,441
6,440
7,439
8,441
9,440
10,441
11,442
12,442
13,447
14,443
15,443
16,446
17,444
18,446
19,446
20,445
21,448
22,448
23,445
24,450
25,447
26,450
27,450
28,449
29,448
30,452
31,448
32,451
33,453
34,449
35,454
36,452
37,454
38,455
39,454
40,454
41,457
42,453
43,456
44,459
45,457
46,457
47,464
48,459
49,458
50,461
51,459
52,460
53,461
54,460
55,462
56,461
57,461
58,464
59,465
60,462
61,464
62,466
63,464
64,464
65,467
66,465
67,466
68,469
69,466
70,467
71,470
72,469
73,470
74,471
75,470
76,468
77,470
78,471
79,470
80,472
81,469
82,472
83,476
84,473
85,474
86,476
87,475
88,475
89,477
90,474
91,477
92,479
93,476
94,478
95,480
96,479
97,480
98,480
99,478
100,481
101,481
102,480
103,485
104,480
105,481
106,483
107,484
108,483
109,484
110,484
111,483
112,485
113,484
114,485
115,487
116,488
117,487
118,487
119,487
Test Powered up, starting
Main run no. 1
Sub-run 1
0,106
1,228
2,251
3,253
4,236
5,227
6,232
7,232
8,225
9,227
10,213
11,202
12,199
13,173
14,170
15,166
16,167
17,170
18,179
19,184
20,179
21,182
22,180
23,177
24,177
25,176
26,176
27,176
28,175
29,168
30,169
31,169
32,169
33,172
34,170
35,170
36,170
37,169
38,174
39,174
40,176
41,175
42,172
43,172
44,175
45,175
46,177
47,177
48,180
49,173
50,183
51,178
52,177
53,181
54,181
55,183
56,179
57,179
58,181
59,180
60,181
61,181
62,181
63,180
64,178
65,177
66,183
67,178
68,177
69,177
70,172
71,174
72,174
73,177
74,186
75,186
76,182
77,183
78,179
79,179
80,178
81,179
82,178
83,180
84,181
85,181
86,180
87,180
88,184
89,182
90,182
91,181
92,180
93,182
94,181
95,180
96,176
97,182
98,181
99,179
100,182
101,183
102,183
103,179
104,181
105,184
106,176
107,179
108,186
109,184
110,186
111,183
112,181
113,185
114,186
115,188
116,187
117,184
118,182
119,185
Sub-run 2
0,207
1,212
2,207
3,207
4,202
5,197
6,196
7,203
8,208
9,217
10,214
11,214
12,216
13,214
14,206
15,205
16,206
17,207
18,214
19,215
20,214
21,211
22,214
23,216
24,214
25,217
26,216
27,215
28,215
29,216
30,215
31,225
32,220
33,221
34,219
35,218
36,218
37,222
38,220
39,219
40,222
41,222
42,218
43,216
44,212
45,213
46,210
47,212
48,215
49,211
50,211
51,210
52,212
53,215
54,220
55,212
56,219
57,221
58,219
59,217
60,216
61,222
62,219
63,225
64,215
65,211
66,212
67,212
68,218
69,217
70,218
71,215
72,224
73,224
74,224
75,218
76,218
77,222
78,226
79,217
80,225
81,222
82,221
83,218
84,219
85,233
86,224
87,228
88,224
89,221
90,221
91,228
92,226
93,229
94,229
95,233
96,238
97,238
98,226
99,226
100,234
101,235
102,242
103,234
104,232
105,235
106,235
107,240
108,244
109,241
110,238
111,236
112,231
113,231
114,229
115,227
116,230
117,229
118,231
119,231
Sub-run 3
0,244
1,247
2,245
3,243
4,237
5,236
6,238
7,240
8,244
9,247
10,251
11,261
12,251
13,250
14,250
15,248
16,249
17,248
18,246
19,244
20,242
21,240
22,239
23,240
24,235
25,241
26,239
27,237
28,237
29,236
30,238
31,242
32,242
33,241
34,243
35,250
36,238
37,236
38,230
39,232
40,236
41,247
42,242
43,243
44,239
45,242
46,246
47,247
48,251
49,253
50,252
51,250
52,247
53,247
54,248
55,250
56,243
57,243
58,240
59,244
60,250
61,249
62,235
63,248
64,243
65,244
66,243
67,247
68,252
69,254
70,250
71,247
72,243
73,242
74,240
75,245
76,241
77,240
78,241
79,245
80,244
81,246
82,248
83,253
84,251
85,249
86,251
87,253
88,251
89,244
90,248
91,247
92,245
93,244
94,248
95,248
96,247
97,248
98,246
99,247
100,245
101,244
102,251
103,250
104,253
105,255
106,250
107,261
108,267
109,264
110,262
111,259
112,257
113,258
114,259
115,260
116,261
117,267
118,268
119,270
Test Powered up, starting
Main run no. 1
Sub-run 1
0,104
1,155
2,156
3,156
4,156
5,157
6,156
7,156
8,156
9,155
10,156
11,157
12,157
13,157
14,156
15,154
16,156
17,155
18,155
19,156
20,156
21,159
22,155
23,155
24,156
25,156
26,155
27,156
28,155
29,156
30,155
31,156
32,157
33,156
34,156
35,156
36,155
37,156
38,155
39,156
40,155
41,156
42,156
43,156
44,156
45,154
46,156
47,155
48,156
49,156
50,156
51,156
52,156
53,139
54,130
55,127
56,126
57,125
58,122
59,121
60,121
61,121
62,122
63,122
64,121
65,122
66,122
67,123
68,122
69,123
70,122
71,122
72,122
73,122
74,122
75,123
76,122
77,122
78,123
79,122
80,122
81,122
82,122
83,122
84,122
85,122
86,122
87,123
88,122
89,122
90,123
91,122
92,123
93,122
94,123
95,122
96,122
97,124
98,121
99,123
100,123
101,122
102,122
103,124
104,122
105,122
106,123
107,122
108,123
109,123
110,123
111,122
112,123
113,123
114,123
115,123
116,123
117,123
118,122
119,123
Sub-run 2
0,350
1,358
2,353
3,352
4,356
5,353
6,358
7,358
8,362
9,358
10,363
11,360
12,362
13,368
14,364
15,364
16,369
17,365
18,366
19,372
20,365
21,369
22,376
23,371
24,375
25,373
26,368
27,377
28,373
29,370
30,383
31,381
32,371
33,383
34,380
35,374
36,387
37,383
38,381
39,392
40,383
41,383
42,394
43,386
44,382
45,395
46,386
47,383
48,396
49,389
50,386
51,398
52,387
53,387
54,401
55,392
56,387
57,402
58,393
59,385
60,404
61,394
62,390
63,409
64,394
65,387
66,408
67,398
68,393
69,408
70,397
71,394
72,409
73,397
74,401
75,407
76,403
77,391
78,408
79,400
80,395
81,413
82,400
83,395
84,412
85,400
86,398
87,413
88,399
89,405
90,412
91,398
92,410
93,408
94,398
95,416
96,409
97,398
98,418
99,404
100,403
101,415
102,401
103,411
104,417
105,401
106,418
107,410
108,400
109,421
110,408
111,403
112,424
113,408
114,408
115,420
116,405
117,415
118,418
119,402
Sub-run 3
0,414
1,402
2,427
3,414
4,404
5,423
6,414
7,403
8,426
9,415
10,406
11,425
12,412
13,408
14,412
15,461
16,490
17,486
18,496
19,491
20,491
21,495
22,492
23,492
24,503
25,496
26,495
27,491
28,456
29,481
30,502
31,308
32,164
33,157
34,155
35,152
36,153
37,173
38,161
39,162
40,160
41,160
42,162
43,160
44,162
45,158
46,158
47,160
48,158
49,156
50,169
51,158
52,157
53,158
54,156
55,154
56,160
57,145
58,156
59,155
60,161
61,154
62,156
63,153
64,154
65,155
66,153
67,155
68,153
69,153
70,155
71,159
72,152
73,153
74,152
75,149
76,154
77,152
78,151
79,154
80,150
81,153
82,152
83,154
84,151
85,153
86,152
87,152
88,153
89,159
90,151
91,152
92,153
93,167
94,153
95,151
96,152
97,149
98,152
99,153
100,152
101,151
102,152
103,151
104,150
105,151
106,151
107,152
108,151
109,151
110,151
111,150
112,155
113,150
114,150
115,152
116,149
117,150
118,150
119,150
Test Powered up, starting
Main run no. 1
Sub-run 1
0,85
1,127
2,128
3,129
4,129
5,130
6,130
7,130
8,129
9,130
10,130
11,130
12,129
13,130
14,130
15,130
16,130
17,130
18,130
19,131
20,131
21,131
22,131
23,130
24,138
25,131
26,130
27,130
28,131
29,131
30,130
31,131
32,130
33,131
34,130
35,130
36,130
37,130
38,130
39,131
40,132
41,131
42,130
43,130
44,129
45,131
46,131
47,129
48,131
49,130
50,130
51,131
52,131
53,130
54,131
55,130
56,130
57,130
58,131
59,130
60,130
61,131
62,131
63,125
64,131
65,134
66,130
67,132
68,130
69,128
70,131
71,130
72,130
73,130
74,130
75,130
76,131
77,129
78,127
79,130
80,130
81,130
82,130
83,130
84,125
85,129
86,131
87,130
88,127
89,130
90,130
91,131
92,130
93,133
94,130
95,130
96,130
97,131
98,130
99,131
100,131
101,130
102,131
103,130
104,130
105,130
106,131
107,130
108,127
109,130
110,129
111,130
112,130
113,131
114,130
115,130
116,128
117,130
118,134
119,131
Sub-run 2
0,131
1,131
2,129
3,131
4,130
5,131
6,130
7,131
8,130
9,137
10,131
11,128
12,130
13,131
14,130
15,132
16,130
17,130
18,130
19,130
20,130
21,130
22,130
23,130
24,130
25,130
26,132
27,130
28,130
29,131
30,131
31,130
32,130
33,130
34,130
35,130
36,130
37,131
38,130
39,131
40,131
41,130
42,130
43,130
44,130
45,130
46,133
47,131
48,127
49,130
50,131
51,130
52,131
53,130
54,120
55,129
56,130
57,131
58,130
59,129
60,131
61,130
62,130
63,130
64,130
65,130
66,130
67,130
68,130
69,130
70,130
71,131
72,130
73,131
74,130
75,131
76,131
77,130
78,130
79,130
80,130
81,130
82,131
83,131
84,131
85,130
86,130
87,131
88,130
89,130
90,137
91,130
92,131
93,131
94,130
95,130
96,131
97,130
98,130
99,132
100,130
101,130
102,130
103,132
104,130
105,131
106,131
107,130
108,130
109,131
110,139
111,132
112,131
113,136
114,131
115,131
116,131
117,130
118,130
119,130
Sub-run 3
0,134
1,131
2,130
3,131
4,131
5,131
6,130
7,130
8,131
9,136
10,131
11,131
12,130
13,130
14,130
15,131
16,131
17,131
18,131
19,132
20,130
21,129
22,131
23,131
24,131
25,131
26,131
27,134
28,131
29,131
30,131
31,130
32,128
33,131
34,132
35,131
36,131
37,131
38,131
39,123
40,130
41,131
42,131
43,131
44,132
45,131
46,128
47,131
48,131
49,131
50,131
51,131
52,132
53,131
54,131
55,131
56,131
57,131
58,131
59,131
60,131
61,131
62,131
63,131
64,132
65,131
66,133
67,131
68,131
69,131
70,132
71,130
72,131
73,132
74,130
75,131
76,130
77,134
78,131
79,132
80,132
81,131
82,132
83,131
84,131
85,130
86,131
87,131
88,132
89,135
90,131
91,130
92,131
93,132
94,132
95,131
96,132
97,132
98,131
99,131
100,132
101,132
102,132
103,130
104,128
105,132
106,132
107,132
108,131
109,132
110,132
111,132
112,132
113,131
114,132
115,132
116,132
117,131
118,132
119,131
Test Powered up, starting
Main run no. 1
Sub-run 1
0,100
1,139
2,140
3,144
4,142
5,142
6,143
7,144
8,145
9,146
10,147
11,147
12,147
13,148
14,148
15,148
16,150
17,150
18,150
19,151
20,151
21,160
22,152
23,152
24,153
25,154
26,152
27,153
28,153
29,154
30,153
31,154
32,154
33,154
34,154
35,155
36,155
37,155
38,156
39,154
40,153
41,155
42,154
43,154
44,154
45,155
46,156
47,155
48,156
49,156
50,157
51,156
52,161
53,156
54,156
55,156
56,157
57,156
58,156
59,156
60,156
61,156
62,158
63,156
64,156
65,156
66,156
67,156
68,157
69,156
70,156
71,158
72,156
73,157
74,156
75,156
76,157
77,157
78,159
79,157
80,158
81,157
82,157
83,157
84,157
85,157
86,157
87,153
88,157
89,157
90,158
91,157
92,158
93,157
94,157
95,158
96,157
97,157
98,157
99,159
100,157
101,157
102,157
103,158
104,159
105,158
106,158
107,156
108,158
109,157
110,158
111,158
112,158
113,157
114,156
115,158
116,153
117,158
118,158
119,158
Sub-run 2
0,158
1,158
2,158
3,159
4,158
5,159
6,158
7,158
8,158
9,158
10,159
11,158
12,158
13,158
14,161
15,158
16,158
17,156
18,158
19,159
20,159
21,159
22,158
23,159
24,158
25,159
26,159
27,159
28,158
29,159
30,160
31,158
32,159
33,159
34,159
35,158
36,159
37,159
38,157
39,159
40,159
41,159
42,154
43,158
44,159
45,160
46,159
47,159
48,156
49,159
50,159
51,159
52,159
53,159
54,160
55,156
56,159
57,158
58,159
59,159
60,159
61,159
62,159
63,150
64,160
65,159
66,159
67,159
68,159
69,159
70,160
71,155
72,160
73,159
74,159
75,160
76,160
77,160
78,163
79,160
80,163
81,160
82,160
83,158
84,159
85,157
86,160
87,159
88,159
89,159
90,159
91,160
92,160
93,160
94,160
95,162
96,152
97,160
98,159
99,152
100,160
101,160
102,161
103,159
104,160
105,160
106,160
107,160
108,160
109,160
110,160
111,160
112,161
113,160
114,161
115,160
116,160
117,163
118,160
119,160
Sub-run 3
0,160
1,170
2,160
3,161
4,161
5,161
6,160
7,160
8,160
9,161
10,161
11,160
12,160
13,161
14,160
15,160
16,160
17,160
18,161
19,160
20,159
21,161
22,159
23,160
24,161
25,161
26,161
27,160
28,160
29,160
30,160
31,161
32,160
33,162
34,160
35,162
36,160
37,161
38,161
39,161
40,154
41,161
42,160
43,161
44,161
45,161
46,160
47,161
48,161
49,161
50,162
51,161
52,160
53,162
54,162
55,161
56,162
57,161
58,161
59,161
60,161
61,162
62,163
63,162
64,161
65,161
66,162
67,162
68,162
69,162
70,161
71,161
72,161
73,161
74,161
75,162
76,161
77,162
78,161
79,162
80,162
81,162
82,162
83,161
84,163
85,161
86,162
87,162
88,161
89,162
90,162
91,162
92,162
93,162
94,162
95,162
96,161
97,162
98,161
99,162
100,161
101,162
102,162
103,162
104,162
105,162
106,161
107,162
108,161
109,162
110,162
111,162
112,163
113,162
114,159
115,168
116,162
117,161
118,161
119,162
Test Powered up, starting
Main run no. 1
Sub-run 1
0,91
1,132
2,134
3,133
4,134
5,134
6,135
7,134
8,135
9,136
10,137
11,138
12,137
13,143
14,138
15,138
16,139
17,140
18,141
19,140
20,140
21,143
22,141
23,141
24,144
25,141
26,142
27,142
28,142
29,142
30,142
31,142
32,142
33,142
34,142
35,142
36,143
37,143
38,144
39,142
40,144
41,144
42,144
43,144
44,144
45,144
46,147
47,144
48,146
49,144
50,145
51,145
52,146
53,145
54,147
55,146
56,147
57,146
58,146
59,146
60,146
61,146
62,146
63,146
64,146
65,146
66,147
67,147
68,146
69,147
70,147
71,147
72,148
73,147
74,147
75,147
76,147
77,148
78,148
79,148
80,148
81,147
82,148
83,149
84,148
85,141
86,148
87,149
88,148
89,149
90,149
91,149
92,150
93,149
94,142
95,148
96,149
97,149
98,149
99,150
100,150
101,156
102,149
103,148
104,150
105,149
106,150
107,150
108,150
109,150
110,149
111,150
112,148
113,150
114,150
115,150
116,150
117,150
118,151
119,152
Sub-run 2
0,152
1,152
2,152
3,152
4,152
5,153
6,152
7,153
8,152
9,153
10,153
11,152
12,153
13,156
14,153
15,152
16,153
17,153
18,153
19,153
20,153
21,153
22,152
23,152
24,154
25,152
26,154
27,154
28,154
29,154
30,153
31,154
32,157
33,153
34,145
35,155
36,148
37,153
38,153
39,154
40,152
41,154
42,155
43,154
44,155
45,154
46,155
47,156
48,155
49,155
50,154
51,154
52,155
53,155
54,154
55,154
56,155
57,156
58,156
59,154
60,154
61,155
62,155
63,155
64,156
65,152
66,155
67,154
68,155
69,156
70,156
71,156
72,156
73,156
74,155
75,156
76,156
77,156
78,156
79,156
80,156
81,156
82,156
83,156
84,156
85,156
86,155
87,157
88,157
89,157
90,157
91,157
92,157
93,158
94,156
95,157
96,157
97,157
98,156
99,158
100,157
101,157
102,157
103,157
104,157
105,157
106,156
107,158
108,157
109,158
110,157
111,158
112,158
113,157
114,158
115,158
116,158
117,158
118,158
119,157
Sub-run 3
0,158
1,160
2,160
3,159
4,155
5,159
6,159
7,159
8,158
9,159
10,159
11,159
12,160
13,158
14,160
15,159
16,159
17,160
18,160
19,160
20,159
21,161
22,172
23,160
24,153
25,160
26,160
27,160
28,160
29,162
30,159
31,160
32,160
33,160
34,160
35,165
36,160
37,158
38,161
39,160
40,160
41,161
42,160
43,161
44,160
45,161
46,161
47,160
48,164
49,161
50,160
51,161
52,164
53,160
54,160
55,160
56,161
57,160
58,161
59,160
60,163
61,161
62,158
63,161
64,162
65,159
66,161
67,160
68,162
69,166
70,161
71,161
72,168
73,161
74,162
75,161
76,161
77,161
78,162
79,162
80,156
81,160
82,162
83,161
84,162
85,162
86,163
87,162
88,164
89,163
90,163
91,162
92,162
93,162
94,162
95,162
96,162
97,162
98,162
99,161
100,162
101,163
102,162
103,165
104,163
105,162
106,162
107,164
108,162
109,163
110,164
111,163
112,162
113,158
114,162
115,163
116,163
117,163
118,163
119,163
Test Powered up, starting
Main run no. 1
Sub-run 1
0,92
1,142
2,150
3,147
4,153
5,151
6,152
7,154
8,154
9,154
10,156
11,156
Test Powered up, starting
Main run no. 1
Sub-run 1
Test Powered up, starting
Main run no. 1
Sub-run 1
0,93
1,143
2,149
3,154
4,154
5,155
6,157
7,157
8,159
9,159
10,160
11,160
