
Test Powered up, starting
Main run no. 1
Sub-run 1
0,94
1,146
2,150
3,154
4,156
5,158
6,159
7,160
8,161
9,162
10,162
11,163
Main run no. 2
Sub-run 1
0,143
1,146
2,146
3,147
4,149
5,149
6,150
7,151
8,152
9,153
10,153
11,154
Main run no. 3
Sub-run 1
0,143
1,144
2,145
3,147
4,148
5,149
6,150
7,151
8,152
9,153
10,154
11,154
Main run no. 4
Sub-run 1
0,144
1,145
2,147
3,148
4,150
5,150
6,152
7,153
8,153
9,154
10,155
11,156
Main run no. 5
Sub-run 1
0,145
1,147
2,148
3,150
4,152
5,153
6,154
7,154
8,155
9,156
10,157
11,158
Main run no. 6
Sub-run 1
0,148
1,150
2,152
3,153
4,154
5,155
6,156
7,157
8,158
9,159
10,160
11,161
Main run no. 7
Sub-run 1
0,151
1,152
2,154
3,156
4,157
5,158
6,159
7,160
8,161
9,162
10,163
11,164
Main run no. 8
Sub-run 1
0,155
1,156
2,157
3,159
4,160
5,161
6,162
7,164
8,164
9,165
10,166
11,167
Main run no. 9
Sub-run 1
0,158
1,160
2,161
3,162
4,163
5,164
6,166
7,166
8,167
9,169
10,170
11,171
Main run no. 10
Sub-run 1
0,161
1,163
2,164
3,165
4,167
5,167
6,168
7,170
8,171
9,172
10,173
11,174
Main run no. 11
Sub-run 1
0,166
1,167
2,168
3,168
4,170
5,170
6,172
7,173
8,174
9,175
10,177
11,179
Main run no. 12
Sub-run 1
0,170
1,170
2,171
3,172
4,173
5,174
6,176
7,176
8,178
9,179
10,180
11,180
Main run no. 13
Sub-run 1
0,175
1,175
2,174
3,175
4,176
5,177
6,178
7,180
8,181
9,182
10,183
11,185
Main run no. 14
Sub-run 1
0,181
1,180
2,180
3,181
4,182
5,182
6,184
7,184
8,186
9,187
10,188
11,190
Main run no. 15
Sub-run 1
0,188
1,186
2,185
3,186
4,187
5,187
6,189
7,190
8,190
9,192
10,193
11,194
Main run no. 16
Sub-run 1
0,197
1,195
2,194
3,194
4,194
5,195
6,196
7,197
8,198
9,199
10,201
11,202
Main run no. 17
Sub-run 1
0,206
1,205
2,204
3,203
4,203
5,204
6,206
7,207
8,209
9,211
10,212
11,214
Main run no. 18
Sub-run 1
0,227
1,220
2,222
3,220
4,222
5,225
6,221
7,218
8,222
9,224
10,230
11,228
Main run no. 19
Sub-run 1
0,226
1,229
2,229
3,231
4,231
5,233
6,232
7,228
8,230
9,231
10,235
11,235
Main run no. 20
Sub-run 1
0,227
1,231
2,233
3,237
4,242
5,246
6,243
7,250
8,249
9,250
10,249
11,248
Main run no. 21
Sub-run 1
0,232
1,236
2,243
3,236
4,236
5,239
6,243
7,238
8,241
9,247
10,243
11,247
Main run no. 22
Sub-run 1
0,234
1,232
2,234
3,234
4,234
5,233
6,235
7,239
8,237
9,240
10,240
11,240
Main run no. 23
Sub-run 1
0,233
1,229
2,234
3,231
4,231
5,235
6,234
7,240
8,240
9,246
10,247
11,249
Main run no. 24
Sub-run 1
0,239
1,237
2,237
3,233
4,233
5,231
6,239
7,244
8,246
9,240
10,247
11,248
Main run no. 25
Sub-run 1
0,238
1,237
2,239
3,234
4,234
5,241
6,239
7,247
8,246
9,245
10,248
11,254
Main run no. 26
Sub-run 1
0,228
1,233
2,236
3,236
4,238
5,241
6,242
7,246
8,247
9,249
10,253
11,254
Main run no. 27
Sub-run 1
0,233
1,236
2,236
3,252
4,244
5,246
6,250
7,247
8,250
9,250
10,259
11,261
Main run no. 28
Sub-run 1
0,238
1,240
2,241
3,239
4,250
5,243
6,246
7,258
8,261
9,262
10,266
11,263
Main run no. 29
Sub-run 1
0,236
1,247
2,246
3,247
4,251
5,250
6,247
7,253
8,265
9,256
10,262
11,262
Main run no. 30
Sub-run 1
0,244
1,242
2,246
3,254
4,249
5,251
6,242
7,256
8,259
9,273
10,260
11,259
Main run no. 31
Sub-run 1
0,247
1,245
2,238
3,244
4,254
5,260
6,259
7,262
8,274
9,271
10,266
11,266
Main run no. 32
Sub-run 1
0,244
1,246
2,256
3,259
4,266
5,263
6,254
7,261
8,267
9,275
10,280
11,275
Main run no. 33
Sub-run 1
0,252
1,256
2,264
3,258
4,265
5,272
6,272
7,265
8,262
9,276
10,279
11,272
Main run no. 34
Sub-run 1
0,244
1,255
2,249
3,256
4,264
5,263
6,263
7,270
8,279
9,282
10,279
11,283
Main run no. 35
Sub-run 1
0,250
1,250
2,262
3,256
4,261
5,262
6,265
7,277
8,270
9,281
10,279
11,282
Main run no. 36
Sub-run 1
0,251
1,249
2,252
3,261
4,271
5,265
6,278
7,267
8,273
9,284
10,279
11,289
Main run no. 37
Sub-run 1
0,244
1,247
2,262
3,261
4,262
5,260
6,268
7,272
8,279
9,282
10,278
11,277
Main run no. 38
Sub-run 1
0,249
1,262
2,261
3,261
4,260
5,258
6,265
7,273
8,280
9,282
10,281
11,281
Main run no. 39
Sub-run 1
0,254
1,250
2,247
3,257
4,259
5,263
6,272
7,273
8,276
9,280
10,286
11,291
Main run no. 40
Sub-run 1
0,251
1,249
2,255
3,267
4,262
5,264
6,278
7,274
8,279
9,277
10,283
11,289
Main run no. 41
Sub-run 1
0,251
1,256
2,262
3,270
4,268
5,267
6,280
7,277
8,290
9,278
10,286
11,287
Main run no. 42
Sub-run 1
0,259
1,259
2,255
3,270
4,267
5,273
6,277
7,276
8,284
9,290
10,288
11,291
Main run no. 43
Sub-run 1
0,252
1,263
2,263
3,262
4,275
5,274
6,276
7,286
8,286
9,296
10,296
11,299
Main run no. 44
Sub-run 1
0,258
1,266
2,267
3,268
4,282
5,282
6,278
7,292
8,294
9,300
10,294
11,305
Test Powered up, starting
Main run no. 1
Sub-run 1
0,107
1,194
2,199
3,210
4,212
5,218
6,222
7,229
8,238
9,244
10,250
11,256
Test Powered up, starting
Main run no. 1
Sub-run 1
0,108
1,224
2,229
3,240
4,238
5,239
6,250
7,254
8,260
9,266
10,271
11,279
Main run no. 2
Sub-run 1
0,238
1,243
2,249
3,251
4,258
5,262
6,266
7,273
8,279
9,284
10,284
11,293
Main run no. 3
Sub-run 1
0,250
1,249
2,252
3,254
4,259
5,264
6,268
7,270
8,275
9,282
10,281
11,286
Main run no. 4
Sub-run 1
0,240
1,244
2,251
3,257
4,261
5,267
6,272
7,278
8,280
9,289
10,291
11,293
Main run no. 5
Sub-run 1
0,245
1,247
2,254
3,259
4,262
5,267
6,273
7,277
8,280
9,286
10,293
11,297
Main run no. 6
Sub-run 1
0,254
1,249
2,260
3,260
4,268
5,273
6,278
7,282
8,290
9,295
10,295
11,296
Main run no. 7
Sub-run 1
0,243
1,246
2,251
3,262
4,262
5,272
6,280
7,284
8,291
9,287
10,292
11,300
Main run no. 8
Sub-run 1
0,247
1,248
2,255
3,262
4,262
5,271
6,278
7,286
8,292
9,294
10,300
11,305
Main run no. 9
Sub-run 1
0,250
1,253
2,257
3,265
4,267
5,276
6,280
7,287
8,296
9,296
10,301
11,307
Main run no. 10
Sub-run 1
0,246
1,252
2,256
3,265
4,272
5,274
6,281
7,289
8,293
9,301
10,304
11,311
Main run no. 11
Sub-run 1
0,252
1,256
2,258
3,270
4,274
5,278
6,287
7,295
8,299
9,303
10,307
11,312
Main run no. 12
Sub-run 1
0,259
1,258
2,261
3,269
4,276
5,282
6,289
7,298
8,300
9,309
10,314
11,316
Main run no. 13
Sub-run 1
0,259
1,258
2,263
3,269
4,278
5,284
6,290
7,294
8,300
9,306
10,313
11,316
Main run no. 14
Sub-run 1
0,255
1,262
2,266
3,270
4,276
5,282
6,289
7,297
8,312
9,309
10,319
11,318
Main run no. 15
Sub-run 1
0,266
1,269
2,274
3,278
4,283
5,286
6,293
7,304
8,311
9,314
10,317
11,322
Main run no. 16
Sub-run 1
0,260
1,269
2,266
3,276
4,285
5,288
6,296
7,302
8,310
9,311
10,318
11,323
Main run no. 17
Sub-run 1
0,262
1,265
2,271
3,277
4,279
5,290
6,294
7,302
8,308
9,317
10,322
11,326
Main run no. 18
Sub-run 1
0,258
1,268
2,277
3,279
4,283
5,288
6,304
7,311
8,316
9,325
10,333
11,330
Main run no. 19
Sub-run 1
0,261
1,263
2,274
3,281
4,290
5,299
6,306
7,315
8,318
9,323
10,331
11,333
Main run no. 20
Sub-run 1
0,268
1,268
2,276
3,281
4,292
5,298
6,299
7,309
8,320
9,324
10,326
11,328
Main run no. 21
Sub-run 1
0,262
1,272
2,280
3,280
4,282
5,299
6,303
7,314
8,325
9,325
10,335
11,336
Test Powered up, starting
Main run no. 1
Sub-run 1
0,108
1,265
2,261
3,272
4,288
5,300
6,313
7,321
8,326
9,337
10,336
11,340
Main run no. 2
Sub-run 1
0,268
1,272
2,278
3,286
4,295
5,296
6,305
7,314
8,319
9,323
10,326
11,332
Main run no. 3
Sub-run 1
0,265
1,270
2,280
3,284
4,293
5,294
6,308
7,311
8,321
9,324
10,331
11,338
Main run no. 4
Sub-run 1
0,270
1,276
2,278
3,286
4,295
5,303
6,306
7,322
8,325
9,329
10,335
11,335
Main run no. 5
Sub-run 1
0,267
1,274
2,278
3,289
4,295
5,299
6,311
7,320
8,323
9,335
10,333
11,344
Main run no. 6
Sub-run 1
0,264
1,273
2,283
3,296
4,298
5,301
6,308
7,320
8,325
9,328
10,337
11,341
Main run no. 7
Sub-run 1
0,264
1,276
2,280
3,292
4,299
5,309
6,316
7,329
8,328
9,335
10,340
11,343
Main run no. 8
Sub-run 1
0,272
1,284
2,286
3,291
4,301
5,310
6,318
7,328
8,335
9,341
10,342
11,344
Main run no. 9
Sub-run 1
0,274
1,272
2,290
3,293
4,303
5,304
6,318
7,328
8,331
9,340
10,340
11,347
Main run no. 10
Sub-run 1
0,272
1,281
2,288
3,293
4,302
5,308
6,316
7,326
8,333
9,339
10,339
11,348
Main run no. 11
Sub-run 1
0,281
1,276
2,287
3,298
4,305
5,313
6,318
7,323
8,337
9,341
10,343
11,348
Main run no. 12
Sub-run 1
0,278
1,283
2,286
3,294
4,306
5,320
6,326
7,329
8,337
9,339
10,344
11,352
Main run no. 13
Sub-run 1
0,271
1,276
2,288
3,302
4,313
5,317
6,331
7,332
8,336
9,348
10,346
11,350
Main run no. 14
Sub-run 1
0,281
1,283
2,295
3,296
4,304
5,314
6,324
7,338
8,346
9,346
10,355
11,356
Main run no. 15
Sub-run 1
0,286
1,289
2,298
3,312
4,323
5,333
6,330
7,335
8,347
9,350
10,357
11,354
Main run no. 16
Sub-run 1
0,291
1,302
2,294
3,310
4,316
5,328
6,341
7,336
8,350
9,355
10,358
11,360
Main run no. 17
Sub-run 1
0,289
1,302
2,300
3,303
4,318
5,327
6,334
7,343
8,357
9,356
10,359
11,363
Main run no. 18
Sub-run 1
0,289
1,292
2,306
3,318
4,325
5,329
6,344
7,348
8,350
9,352
10,363
11,366
Main run no. 19
Sub-run 1
0,283
1,294
2,308
3,311
4,317
5,332
6,336
7,343
8,361
9,370
10,364
11,364
Main run no. 20
Sub-run 1
0,311
1,303
2,310
3,319
4,325
5,333
6,350
7,346
8,354
9,360
10,365
11,367
Main run no. 21
Sub-run 1
0,290
1,298
2,303
3,309
4,322
5,334
6,337
7,340
8,347
9,350
10,361
11,363
Main run no. 22
Sub-run 1
0,294
1,301
2,305
3,318
4,329
5,332
6,350
7,352
8,354
9,362
10,372
11,373
Main run no. 23
Sub-run 1
0,296
1,301
2,312
3,324
4,324
5,338
6,345
7,349
8,354
9,362
10,371
11,371
Main run no. 24
Sub-run 1
0,290
1,302
2,307
3,317
4,322
5,332
6,344
7,354
8,356
9,363
10,370
11,372
Main run no. 25
Sub-run 1
0,303
1,310
2,316
3,325
4,334
5,337
6,350
7,350
8,357
9,367
10,368
11,370
Main run no. 26
Sub-run 1
0,303
1,308
2,311
3,340
4,341
5,341
6,353
7,360
8,368
9,374
10,380
11,382
Main run no. 27
Sub-run 1
0,308
1,315
2,316
3,334
4,338
5,345
6,349
7,358
8,366
9,368
10,363
11,375
Main run no. 28
Sub-run 1
0,300
1,311
2,319
3,319
4,335
5,334
6,342
7,361
8,365
9,381
10,382
11,389
Main run no. 29
Sub-run 1
0,307
1,309
2,302
3,329
4,344
5,354
6,357
7,371
8,381
9,381
10,376
11,378
Main run no. 30
Sub-run 1
0,301
1,308
2,324
3,333
4,330
5,344
6,356
7,359
8,361
9,369
10,368
11,380
Main run no. 31
Sub-run 1
0,293
1,296
2,309
3,330
4,340
5,349
6,364
7,364
8,371
9,377
10,382
11,379
Main run no. 32
Sub-run 1
0,292
1,321
2,322
3,325
4,339
5,352
6,357
7,359
8,374
9,382
10,388
11,388
Main run no. 33
Sub-run 1
0,299
1,300
2,318
3,326
4,340
5,351
6,360
7,362
8,367
9,368
10,370
11,379
Main run no. 34
Sub-run 1
0,309
1,314
2,319
3,322
4,337
5,354
6,367
7,375
8,371
9,374
10,387
11,383
Main run no. 35
Sub-run 1
0,304
1,320
2,326
3,334
4,342
5,354
6,356
7,372
8,374
9,378
10,379
11,383
Main run no. 36
Sub-run 1
0,301
1,312
2,318
3,344
4,336
5,360
6,366
7,371
8,381
9,386
10,381
11,388
Main run no. 37
Sub-run 1
0,316
1,316
2,339
3,347
4,351
5,364
6,369
7,383
8,379
9,376
10,387
11,390
Main run no. 38
Sub-run 1
0,307
1,320
2,324
3,338
4,361
5,363
6,359
7,378
8,378
9,387
10,383
11,384
Main run no. 39
Sub-run 1
0,307
1,325
2,335
3,336
4,345
5,358
6,364
7,377
8,384
9,381
10,383
11,383
Main run no. 40
Sub-run 1
0,312
1,327
2,328
3,346
4,349
5,369
6,373
7,387
8,375
9,390
10,390
11,408
Main run no. 41
Sub-run 1
0,331
1,328
2,324
3,335
4,361
5,377
6,365
7,375
8,383
9,390
10,391
11,393
Main run no. 42
Sub-run 1
0,329
1,322
2,329
3,351
4,351
5,365
6,381
7,376
8,382
9,380
10,396
11,397
Main run no. 43
Sub-run 1
0,324
1,332
2,347
3,355
4,357
5,366
6,371
7,380
8,388
9,388
10,392
11,398
Main run no. 44
Sub-run 1
0,321
1,344
2,344
3,327
4,375
5,366
6,384
7,382
8,396
9,393
10,395
11,392
Main run no. 45
Sub-run 1
0,331
1,326
2,330
3,345
4,359
5,378
6,382
7,389
8,391
9,386
10,403
11,397
Main run no. 46
Sub-run 1
0,317
1,335
2,336
3,348
4,370
5,383
6,374
7,380
8,398
9,406
10,401
11,406
Main run no. 47
Sub-run 1
0,340
1,332
2,340
3,351
4,362
5,383
6,384
7,382
8,391
9,398
10,407
11,397
Main run no. 48
Sub-run 1
0,327
1,323
2,347
3,342
4,366
5,378
6,388
7,385
8,396
9,394
10,400
11,407
Main run no. 49
Sub-run 1
0,341
1,343
2,350
3,355
4,370
5,378
6,389
7,374
8,410
9,403
10,398
11,422
Main run no. 50
Sub-run 1
0,334
1,337
2,351
3,373
4,372
5,365
6,383
7,406
8,386
9,409
10,400
11,402
Main run no. 51
Sub-run 1
0,335
1,342
2,355
3,366
4,366
5,391
6,382
7,403
8,407
9,409
10,407
11,414
Main run no. 52
Sub-run 1
0,342
1,335
2,347
3,361
4,383
5,394
6,395
7,397
8,395
9,415
10,399
11,427
Main run no. 53
Sub-run 1
0,354
1,350
2,349
3,370
4,387
5,388
6,390
7,393
8,406
9,390
10,406
11,417
Main run no. 54
Sub-run 1
0,336
1,318
2,370
3,348
4,382
5,380
6,392
7,388
8,407
9,405
10,391
11,400
Main run no. 55
Sub-run 1
0,323
1,340
2,341
3,343
4,355
5,374
6,374
7,383
8,389
9,400
10,395
11,407
Main run no. 56
Sub-run 1
0,322
1,358
2,340
3,354
4,360
5,360
6,374
7,398
8,393
9,388
10,394
11,402
Test Powered up, starting
Main run no. 1
Sub-run 1
0,111
1,321
2,319
3,335
4,357
5,364
6,372
7,387
8,383
9,404
10,408
11,410
index,sensor1
0,5
